Name: Molybdenum
ZAID: 42000
Isotopes: [42092, 42094, 42095, 42096, 42097, 42098, 42100]
Abundance: [0.1453, 0.0915, 0.1584, 0.1667, 0.0960, 0.2439, 0.0982]
Mass: [91.906807, 93.905083, 94.905837, 95.904674, 96.906016, 97.905403, 99.907468]
Density: 10.22
Linear Coefficient of Expansion: 0.0
