Name: Nickel
ZAID: 28000
Isotopes: [28058, 28060, 28061, 28062, 28064]
Abundance: [0.68077, 0.26223, 0.01140, 0.03635, 0.00925]
Mass: [57.935341, 59.930785, 60.930154, 61.928344, 63.927966]
Density: 8.902
Linear Coefficient of Expansion: 0.0