Name: Oxygen
ZAID: 0000
Isotopes: [8016, 8017, 8018]
Abundance: [0.99757, 0.00038, 0.00205]
Mass: [15.994914, 16.999131, 17.999159]
Density: 0.001429
Linear Coefficient of Expansion: 0.0