Name: Uranium
ZAID: 92000
Isotopes: [92234, 92235, 92236, 92238]
Abundance: [0.000054, 0.007204, 0.000000, 0.992742]
Mass: [234.0409504, 235.0439282, 236.0455662, 238.0507870]
Density: 19.84
Linear Coefficient of Expansion: 0.0