Name: Vanadium
ZAID: 23000
Isotopes: [23050, 23051]
Abundance: [0.0025, 0.9975]
Mass: [49.9471558, 50.9439569]
Density: 6.11
Linear Coefficient of Expansion: 0.0
