Name: Tungesten
ZAID: 74000
Isotopes: [74180, 74182, 74183, 74184, 74186]
Abundance: [0.0012, 0.2650, 0.1431, 0.3064, 0.2843]
Mass: [179.946713, 181.948205, 182.950224, 183.950933, 185.954365]
Density: 19.3
Linear Coefficient of Expansion: 0.0