Name: Zirconium
ZAID: 40000
Isotopes: [40090, 40091, 40092, 40094, 40046]
Abundance: [0.514500, 0.112200, 0.171500, 0.173800, 0.028000]
Mass: [89.90469876, 90.90564022, 91.90503532, 93.90631252, 95.90827762]
Density: 18.95
Linear Coefficient of Expansion: 0.0

